Region 	 | # Voxels 	 | MD mean   	 | MD std   	 | FA mean  	 | FA std   	 | RD mean  	 | RD std   	 | TV mean  	 | TV std   	 | TC mean  	 | TC std   	 
    1 	 |    62048 	 | 0.0001476 	 | 0.000019 	 | 0.4185102 	 | 0.1090296 	 | 0.0001120 	 | 0.0000207 	 | 0.0000008 	 | 0.0000000 	 | 0.0000000 	 | 0.0000003 	 
    2 	 |       43 	 | 0.0001641 	 | 0.000009 	 | 0.4499400 	 | 0.0809147 	 | 0.0001201 	 | 0.0000166 	 | 0.0000011 	 | 0.0000000 	 | 0.0000000 	 | 0.0000002 	 
    3 	 |       82 	 | 0.0001688 	 | 0.000014 	 | 0.4887876 	 | 0.1189284 	 | 0.0001210 	 | 0.0000246 	 | 0.0000010 	 | 0.0000000 	 | 0.0000000 	 | 0.0000002 	 
    4 	 |       44 	 | 0.0001580 	 | 0.000013 	 | 0.4532012 	 | 0.0948727 	 | 0.0001159 	 | 0.0000197 	 | 0.0000010 	 | 0.0000000 	 | 0.0000000 	 | 0.0000002 	 
    5 	 |       40 	 | 0.0001672 	 | 0.000009 	 | 0.4587278 	 | 0.0686313 	 | 0.0001212 	 | 0.0000138 	 | 0.0000012 	 | 0.0000000 	 | 0.0000000 	 | 0.0000002 	 
    6 	 |       33 	 | 0.0001740 	 | 0.000016 	 | 0.5183806 	 | 0.1149703 	 | 0.0001187 	 | 0.0000269 	 | 0.0000013 	 | 0.0000000 	 | 0.0000000 	 | 0.0000002 	 
    7 	 |       28 	 | 0.0001856 	 | 0.000019 	 | 0.4037207 	 | 0.0864821 	 | 0.0001451 	 | 0.0000260 	 | 0.0000011 	 | 0.0000000 	 | 0.0000000 	 | 0.0000002 	 
    8 	 |     1670 	 | 0.0001337 	 | 0.000012 	 | 0.3877471 	 | 0.0989922 	 | 0.0001042 	 | 0.0000162 	 | 0.0000006 	 | 0.0000000 	 | 0.0000000 	 | 0.0000002 	 
    9 	 |      222 	 | 0.0001698 	 | 0.000009 	 | 0.4303865 	 | 0.1044463 	 | 0.0001264 	 | 0.0000184 	 | 0.0000012 	 | 0.0000000 	 | 0.0000000 	 | 0.0000003 	 
   10 	 |       27 	 | 0.0001953 	 | 0.000026 	 | 0.4220873 	 | 0.1390076 	 | 0.0001478 	 | 0.0000394 	 | 0.0000015 	 | 0.0000000 	 | 0.0000000 	 | 0.0000002 	 
   11 	 |       37 	 | 0.0001794 	 | 0.000015 	 | 0.4453405 	 | 0.0888869 	 | 0.0001323 	 | 0.0000221 	 | 0.0000013 	 | 0.0000000 	 | 0.0000000 	 | 0.0000003 	 
   12 	 |       33 	 | 0.0001731 	 | 0.000007 	 | 0.4805118 	 | 0.0582469 	 | 0.0001229 	 | 0.0000122 	 | 0.0000013 	 | 0.0000000 	 | 0.0000000 	 | 0.0000002 	 
   13 	 |      104 	 | 0.0001870 	 | 0.000019 	 | 0.4438538 	 | 0.1214933 	 | 0.0001387 	 | 0.0000294 	 | 0.0000013 	 | 0.0000000 	 | 0.0000000 	 | 0.0000002 	 
   14 	 |       29 	 | 0.0001779 	 | 0.000009 	 | 0.4070982 	 | 0.0876285 	 | 0.0001372 	 | 0.0000173 	 | 0.0000011 	 | 0.0000000 	 | 0.0000000 	 | 0.0000003 	 
   15 	 |       80 	 | 0.0001618 	 | 0.000009 	 | 0.3665059 	 | 0.0786295 	 | 0.0001293 	 | 0.0000146 	 | 0.0000009 	 | 0.0000000 	 | 0.0000000 	 | 0.0000002 	 
   16 	 |       44 	 | 0.0001753 	 | 0.000010 	 | 0.4682766 	 | 0.1191914 	 | 0.0001250 	 | 0.0000224 	 | 0.0000014 	 | 0.0000000 	 | 0.0000000 	 | 0.0000002 	 
   17 	 |       27 	 | 0.0001499 	 | 0.000016 	 | 0.4799901 	 | 0.1363629 	 | 0.0001058 	 | 0.0000272 	 | 0.0000010 	 | 0.0000000 	 | 0.0000000 	 | 0.0000001 	 
   18 	 |       90 	 | 0.0001785 	 | 0.000007 	 | 0.4500199 	 | 0.0944100 	 | 0.0001316 	 | 0.0000163 	 | 0.0000012 	 | 0.0000000 	 | 0.0000000 	 | 0.0000002 	 
   19 	 |       29 	 | 0.0001012 	 | 0.000007 	 | 0.3504306 	 | 0.0777663 	 | 0.0000814 	 | 0.0000100 	 | 0.0000003 	 | 0.0000000 	 | 0.0000000 	 | 0.0000001 	 
   20 	 |       47 	 | 0.0001636 	 | 0.000016 	 | 0.3670850 	 | 0.0683629 	 | 0.0001280 	 | 0.0000170 	 | 0.0000011 	 | 0.0000000 	 | 0.0000000 	 | 0.0000002 	 
   21 	 |       29 	 | 0.0001821 	 | 0.000007 	 | 0.4414576 	 | 0.0985264 	 | 0.0001369 	 | 0.0000182 	 | 0.0000012 	 | 0.0000000 	 | 0.0000000 	 | 0.0000004 	 
   22 	 |       58 	 | 0.0002049 	 | 0.000019 	 | 0.4386118 	 | 0.1137800 	 | 0.0001510 	 | 0.0000304 	 | 0.0000018 	 | 0.0000000 	 | 0.0000000 	 | 0.0000002 	 
   23 	 |       38 	 | 0.0001449 	 | 0.000012 	 | 0.4872774 	 | 0.1473648 	 | 0.0001036 	 | 0.0000267 	 | 0.0000008 	 | 0.0000000 	 | 0.0000000 	 | 0.0000002 	 
   24 	 |     1554 	 | 0.0001308 	 | 0.000012 	 | 0.3973089 	 | 0.0995922 	 | 0.0001008 	 | 0.0000155 	 | 0.0000006 	 | 0.0000000 	 | 0.0000000 	 | 0.0000002 	 
   25 	 |       41 	 | 0.0001969 	 | 0.000021 	 | 0.4439940 	 | 0.1256077 	 | 0.0001465 	 | 0.0000329 	 | 0.0000014 	 | 0.0000000 	 | 0.0000000 	 | 0.0000002 	 
   26 	 |       33 	 | 0.0001615 	 | 0.000005 	 | 0.3893296 	 | 0.0442429 	 | 0.0001322 	 | 0.0000081 	 | 0.0000006 	 | 0.0000000 	 | 0.0000000 	 | 0.0000001 	 
   27 	 |      181 	 | 0.0001691 	 | 0.000011 	 | 0.4302571 	 | 0.0744800 	 | 0.0001310 	 | 0.0000168 	 | 0.0000009 	 | 0.0000000 	 | 0.0000000 	 | 0.0000002 	 
   28 	 |      117 	 | 0.0001751 	 | 0.000011 	 | 0.4795355 	 | 0.0869048 	 | 0.0001239 	 | 0.0000180 	 | 0.0000013 	 | 0.0000000 	 | 0.0000000 	 | 0.0000003 	 
   29 	 |       64 	 | 0.0001864 	 | 0.000014 	 | 0.3793058 	 | 0.0982925 	 | 0.0001461 	 | 0.0000220 	 | 0.0000012 	 | 0.0000000 	 | 0.0000000 	 | 0.0000002 	 
   30 	 |       47 	 | 0.0001694 	 | 0.000013 	 | 0.4344541 	 | 0.0849118 	 | 0.0001298 	 | 0.0000194 	 | 0.0000009 	 | 0.0000000 	 | 0.0000000 	 | 0.0000002 	 
   31 	 |       45 	 | 0.0001711 	 | 0.000009 	 | 0.4900560 	 | 0.0701887 	 | 0.0001202 	 | 0.0000141 	 | 0.0000012 	 | 0.0000000 	 | 0.0000000 	 | 0.0000003 	 
   32 	 |      529 	 | 0.0001667 	 | 0.000010 	 | 0.4111356 	 | 0.0771995 	 | 0.0001293 	 | 0.0000158 	 | 0.0000009 	 | 0.0000000 	 | 0.0000000 	 | 0.0000002 	 
   33 	 |       41 	 | 0.0001489 	 | 0.000008 	 | 0.3667936 	 | 0.0940272 	 | 0.0001171 	 | 0.0000154 	 | 0.0000008 	 | 0.0000000 	 | 0.0000000 	 | 0.0000001 	 
   34 	 |       64 	 | 0.0001373 	 | 0.000010 	 | 0.4020177 	 | 0.0909345 	 | 0.0001059 	 | 0.0000150 	 | 0.0000007 	 | 0.0000000 	 | 0.0000000 	 | 0.0000001 	 
   35 	 |       48 	 | 0.0001731 	 | 0.000016 	 | 0.4247155 	 | 0.0873807 	 | 0.0001308 	 | 0.0000212 	 | 0.0000011 	 | 0.0000000 	 | 0.0000000 	 | 0.0000003 	 
   36 	 |       99 	 | 0.0001716 	 | 0.000011 	 | 0.4993361 	 | 0.0729751 	 | 0.0001224 	 | 0.0000182 	 | 0.0000010 	 | 0.0000000 	 | 0.0000000 	 | 0.0000002 	 
   37 	 |       71 	 | 0.0001753 	 | 0.000015 	 | 0.4486839 	 | 0.1126263 	 | 0.0001317 	 | 0.0000250 	 | 0.0000010 	 | 0.0000000 	 | 0.0000000 	 | 0.0000002 	 
   38 	 |       30 	 | 0.0001743 	 | 0.000010 	 | 0.5103262 	 | 0.1122958 	 | 0.0001195 	 | 0.0000216 	 | 0.0000013 	 | 0.0000000 	 | 0.0000000 	 | 0.0000002 	 
   39 	 |       63 	 | 0.0001692 	 | 0.000013 	 | 0.4140493 	 | 0.0778481 	 | 0.0001314 	 | 0.0000188 	 | 0.0000009 	 | 0.0000000 	 | 0.0000000 	 | 0.0000002 	 
   40 	 |       31 	 | 0.0001689 	 | 0.000021 	 | 0.4500690 	 | 0.1277735 	 | 0.0001250 	 | 0.0000305 	 | 0.0000011 	 | 0.0000000 	 | 0.0000000 	 | 0.0000002 	 
   41 	 |       50 	 | 0.0001530 	 | 0.000013 	 | 0.4194966 	 | 0.0943566 	 | 0.0001177 	 | 0.0000196 	 | 0.0000008 	 | 0.0000000 	 | 0.0000000 	 | 0.0000002 	 
